23706 47791 149275 171437 210349
246103 268209 309799 328271 361396
378789 393866 431709 460027 486846
513798 541662 567521 592884 617319
807092 844515 997883 1051508 1315124
1336366 1418088 1436778 1462525 1476857
1508341 1520612 1531101 1551068 1578213
1595054 1613559 1652389 1664450 1685837
1737325 1749887 1761701 1782377 1824288
1865187 1950259 1980497 2160746 2249069
2295682 2397243 2417908 2437972 2507645
2568100 2613118 2662567 2695985 2760098
2793333 2801629 2813064 2853055 2877125
2971431 3045549 3341308 3413144 3493057
3638059 3683339 3731729 3800033 3841823
3863269 3966307 3974928 4214350 4324864
4344624 4382583 4414546 4458369 4512115
4584324 4602648 4617009 4653387 4726857
4941992 4966264 5062998 5079172 5106282
5114203 5126969 5143890 5164910 5196059
5223032 5228083 5251908 5287077 5299645
5435250 5455499 5489499 5518630 5538373
5559652 5599186 5617343 5653460 5683060
5709613 5779074 5817207 5830814 5867192
5907775 5922381 6017275 6018704 6036531
6082714 6152238 6178732 6222636 6235552
6268725 6288264 6307394 6320998 6346952
6351508 6393550 6412929 6421392 6452431
6500017 6516633 6607908 6629722 6677188
6775479 6823967 6872224 6882501 6911845
6947495 6965210 6972055 6979524 6996347
7122391 7188045 7228863 7274991 7439821
7489465 7506691 7531059 7645102 7731445
7774781 7814019 7877024 7902477 7927364
8006008 8060064 8121175 8172437 8189440
8215162 8242310 8272510 8433016 8482881
8524935 8567465 8587622 8619820 8669659
8679298 8731989 8774693 8803606 8838784
8853570 8917881 8962528 9020686 9080286
9142408 9198643 9262222 9316989 9352783
9357552 9369069 9382389 9422284 9450083
9481079 9525910 9628151 9691514 9709093
9759323 9806572 9857430 9911933 9928084
9931111 9953704 9976627 9997758 10041444
10052269 10076175 10120364 10215088 10236508
10250664 10361753 10408844 10475609 10539615
10578401 10587889 10632716 10724666 10740614
10770473 10832111 10916916 10934244 10965146
11003657 11033080 11068541 11086452 11126486
11187793 11191123 11215870 11256995 11275909
11292353 11336009 11441674 11472518 11497320
11543522 11560809 11579286 11598595 11654770
11682774 11721505 11823137 11854364 11881168
11912394 11956013 12018094 12116779 12141043
12182970 12218643 12235329 12324293 12363679
12385974 12433142 12462855 12520820 12535702
12557403 12650627 12701252 12709071 12722650
12764161 12770782 12803403 12832638 12891734
12906338 12997540 13015225 13042517 13066781
13117868 13176492 13237387 13382769 13627670
13698169 13808345 13860939 13886224 13917249
13948134 13987555 14004427 14032905 14067455
14098115 14100688 14110073 14123788 14130834
14171515 14211549 14239475 14317776 14332828
14428039 14461977 14484708 14505751 14569265
14607371 14685715 14799024 14837572 14904930
14934892 14997219 15017178 15098132 15288358
15373994 15419308 15490467 15520744 15613738
15700785 15739976 15890826 15913467 15920483
15968360 16047340 16128496 16159073 16220455
16243630 16259877 16273920 16317497 16418152
16445906 16479123 16535499 16577895 16677045
16733417 16765660 16832637 16943077 17033571
17138829 17244514 17323951 17373676 17399277
17423194 17458779 17480248 17576566 17660706
17722694 17727709 17746105 17771808 17796770
17845684 17877367 17889086 17925197 17932153
18025855 18081718 18123639 18146990 18186976
18235184 18278414 18307210 18337191 18365095
18413772 18440694 18457433 18496100 18527876
18548219 18634996 18658460 18691257 18712306
18747516 18816579 18843240 18866249 18883921
18941873 19027662 19042378 19067833 19118135
19164874 19191365 19239553 19272572 19279141
19291806 19304727 19337635 19344479 19378067
19413152 19431528 19432704 19439142 19448954
19541829 19600996 19629599 19662324 19671612
19694071 19740457 19797883 19925186 20015887
20036637 20053395 20114695 20179175 20220692
20383236 20400654 20544939 20623202 20720966
20756749 20904422 21225786 21231176 21281455
21357970 21363050 21414576 21437605 21462523
21491716 21552046 21624789 21643185 21675512
21702283 21726818 21737593 21765472 21779893
21836681 21885367 22053966 22101755 22128498
22167746 22202662 22208703 22267217 22273242
22298670 22373024 22401020 22549876 22551786
22584677 22592416 22653590 22720333 22734272
22759072 22785690 22825432 22849839 22863041
22875144 22880051 22906267 22966446 22989053
23129698 23186327 23195721 23276514 23323146
23431907 23468054 23633666 23686201 23703397
23734907 23775521 23802243 23816408 23842306
23859024 23868469 23897021 23924789 23948180
23979903 24217617 24300367 24429712 24466933
24491376 24508251 24527794 24536934 24582952
24601328 24640873 24659253 24664187 24674364
24676272 24715834 24755410 24845510 25001033
25187903 25219942 25251672 25332006 25422881
25468390 25508741 25553944 25601862 25627991
25651482 25693631 25707478 25719091 25759433
25772940 25789254 25806333 25850329 25879610
25925672 25934951 25950455 25968664 25988483
26006951 26013128 26043326 26082902 26116985
26178042 26203253 26224558 26246009 26281632
26325878 26387284 26415641 26420257 26437059
26466787 26494040 26517687 26540952 26558674
26603085 26612214 26646994 26665837 26709893
26719132 26760790 26785590 26798083 26813761
26835812 26873608 26911214 26923888 27079713
27132031 27173921 27213151 27247622 27467132
27486101 27727022 27775999 27814099 27825087
27942155 28021821 28037229 28079976 28096434
28241139 28324425 28432967 28454402 28493707
28525510 28575260 28613949 28628819 28679825
28692129 28723298 28767221 28785267 28819543
28914371 28942322 28967141 29031525 29070517
29083995 29114935 29135919 29154670 29181929
29323406 29338399 29361769 29442399 29491011
29514865 29533432 29621653 29648200 29682729
29732372 29745703 29830806 29879119 30123954
30220127 30354863 30412227 30464245 30662160
30794851 30828238 30852600 30909213 30952002
30990179 31015064 31083825 31132580 31200832
31252706 31274332 31284989 31365042 31416819
31427806 31489706 31502089 31567737 31579009
31639153 31648668 31735568 31802583 31816438
31909484 31985077 32032747 32171513 32204479
32271285 32557979 32650893 32677585 32708547
32743622 32748483 32820618 32832644 32867101
32881649 32912039 32956718 33334840 33369598
33406229 33417402 33482298 33501313 33557662
33612098 33623814 33641349 33736048 33809845
33853887 33920148 33967583 33987180 34047411
34068324 34085647 34109978 34123122 34255162
34266031 34328051 34413383 34427375 34485301
34505620 34538619 34594995 34644897 34659198
34691040 34730357 34757759 34797263 34848166
35045590 35195991 35229063 35272979 35314473
35377921 35440251 35468475 35488029 35608378
35627685 35641103 35651947 35697676 35720135
35739485 35757181 35797078 35828645 35881300
35902261 35941912 35972512 36004153 36011778
36043014 36187622 36285239 36311633 36343445
36430550 36521880 36545596 36583234 36602818
36642580 36667778 36687539 36722405 36765589
36824828 36842967 36903526 36911786 36946956
37077339 37138829 37156679 37220707 37478223
37537717 37568854 37657281 37750888 37770637
37896711 38001389 38067260 38110729 38222470
38234367 38295993 38332582 38370157 38470539
38586422 38603155 38623668 38706241 38776450
38802764 38980749 38984933 39019722 39049680
39106605 39157580 39235898 39279525 39303387
39327086 39382846 39436287 39459284 39476935
39497759 39538001 39562804 39584982 39646466
39664759 39684552 39725449 39732039 39782046
39807086 39819541 39898907 39942112 39951357
40068728 40106599 40180778 40264630 40311149
40406504 40450749 40478460 40492550 40557812
40567019 40600426 40634877 40658336 40719881
40735891 40758505 40774825 40820453 40869209
40930121 41195370 41229529 41430598 41463517
41478092 41520356 41573353 41616193 41638297
41653753 41711837 41899874 42087974 42185723
42302951 42433355 42455476 42469243 42490591
42535272 42567857 42591572 42635823 42715741
42810861 42905648 42959178 43009384 43186342
43217357 43239717 43310869 43334030 43371472
43420310 43481954 43506498 43536374 43607323
43625686 43703338 43748030 43897297 43927085
43955431 44006542 44038808 44086116 44115894
44150618 44272830 44318092 44365716 44374028
44413048 44437016 44445821 44498924 44544748
44556069 44629690 44697177 44717357 44730903
44795849 44812927 44822367 44849433 44865133
44960831 44987692 45012295 45044465 45073045
45084161 45101091 45121805 45132367 45183422
45189425 45252207 45269441 45329166 45413284
45545723 45555310 45563833 45637974 45656507
45733883 45748225 45792001 45946250 45989083
46022583 46129104 46184039 46261652 46392115
46425934 46537102 46575717 46711459 46798094
46929299 46966842 47027450 47047745 47099675
47122397 47149239 47168248 47399663 47517407
47530521 47537722 47594572 47641404 47655344
47714102 47756261 47882287 47904261 47915421
47975609 47998416 48035527 48071105 48189371
48235994 48347610 48363368 48376592 48405010
48429262 48444269 48494307 48682547 48783332
48827738 48915019 48968058 49007215 49052488
49090471 49110202 49131388 49181637 49210166
49240931 49347680 49373812 49421128 49448173
49468536 49504164 49571887 49612208 49712551
49758107 49812143 49924596 50034192 50063077
50078927 50115597 50191589 50264381 50281424
50299328 50320823 50413216 50457252 50462840
50500076 50558422 50578516 50611822 50635569
50688171 50819766 50955839 51080774 51151338
51294927 51359270 51394038 51474462 51494287
51549363 51689642 51778363 51844054 51900928
51966560 51995784 52003186 52037263 52104784
52211823 52350776 52390977 52437994 52454948
52465057 52481282 52513830 52539082 52545420
52589414 52622866 52668582 52710797 52800476
52940087 52991223 53160880 53248564 53451744
53479300 53551071 53655473 54017855 54530771
54612873 54641636 54730670 54757682 54880270
55152691 59783329 60291818 60521551 60738984
60803492 60849834 60927328 61028050 61056632
61220922 61275608 61462502 62690381 63481111
63770498 63819718 63856883 63993226 64057951
64070576 64080842 64101979 64127823 64194735
64274712 64320903 64386316 64437708 64514652
64543118 64588155 64601384 64731130 64779981
64843495 64908685 64960976 64981357 65006218
65022827 65060287 65109900 65181515 65203913
65232923 65275962 65343689 65387740 65411599
65421968 65464744 65500151 65526085 65566681
65620160 65698592 65754377 65847185 65919528
66191027 66535123 66828478 66891740 66910682
66957541 66966578 67006541 67028019 67073239
67093580 67111264 67150123 67165736 67185048
67198920 67237560 67365418 67429104 67502695
67612040 67623470 67657415 67692267 67704346
67725791 67827064 67855496 67926125 67956713
67987568 68121932 68150220 68205854 68263471
68283935 68351249 68370384 68389532 68451096
68474605 68499412 68822779 68837927 68880452
68905389 68999140 69706444 69812368 70016105
70096485 70106610 70236790 70372267 70426813
70445835 70475986 70681061 70780151 70830980
71024266 72257164 72324661 72378169 72397014
72479305 72523475 72542768 72583664 72635547
72667233 72702991 72749024 72998891 73102862
73170680 73586058 73976899 74052800 74070472
74097929 74147248 74202321 74231855 74263564
74403920 74470743 74750072 74766627 74781950
74810613 74821243 74827885 74848213 74863656
74896581 74935243 74985170 75001197 75072331
75114221 75162263 75196940 75211130 75224154
75243406 75259572 75278715 75333096 75372936
75382041 75392215 75442059 75475827 75500488
75573204 75621256 75822149 75861620 75885344
76014491 76054726 76150009 76215629 76235595
76329868 76442593 76495162 76639579 76683187
76787555 76800511 76932527 76948046 77012510
77044609 77086650 77134502 77218254 77260990
77320479 77396788 77482382 77526928 77567203
77710049 77755241 77770510 77808158 77879826
77972297 77991022 78036781 78103616 78140930
78169150 78240762 78423051 78465604 78491559
78557038 78673806 78713295 78736352 78861621
78874712 78900531 78937150 78977160 79013992
79100034 79153865 79182586 79227818 79303401
79332817 79387084 79442205 79470074 79541831
79579036 79680762 79713327 79775727 79798208
79894635 79927494 79952508 80020023 80071529
80124621 80171095 80300211 80332361 80424082
80454302 80474974 80562793 80580207 80655371
80674230 80686164 80739856 80798654 80973994
81153298 81324714 81681619 81856732 81877226
81941216 82031366 82161358 82211634 82303859
82427372 82517886 82744359 82930648 83108182
83235566 83253112 83369714 83433733 83501594
83556042 83652141 83780087 83889764 83902047
84022615 84121698 84192204 84209249 84232686
84284964 84297913 84376985 84691195 84750287
84844145 84919212 84983056 85140040 85217256
85232231 85278137 85376563 85427602 85467527
85669140 85727527 85754769 85895428 85941152
85970123 86101583 86120099 86242737 86293521
86443602 86516629 86589024 86751536 86791363
86838285 86846374 86891414 86972433 87005090
87125930 87203232 87240841 87383909 87459884
87494949 87683696 87701943 87744831 87827774
87869661 87898906 87926761 87974987 88010164
88068519 88105832 88130466 88199316 88305424
88333396 88351181 88455260 88554278 88589926
88665650 89078640 89291785 89409332 89636983
89687890 89772617 89792868 89803505 89844947
89884526 89946383 90126946 90165574 90179667
90247713 90316770 90350689 90462118 90506539
90591769 90688007 90713687 90822840 90839715
90850000 90860308 91039698 91138138 91188424
91199373 91208594 91219514 91297325 91524995
91562524 91673494 91804075 91911084 91997015
92054910 92072074 92093545 92110718 92218020
92238109 92265886 92294854 92318136 92344114
92406905 92436067 92480022 92555328 92592534
92719490 92771514 92796356 92868905 92910260
92920040 93024209 93205597 93233026 93286847
93326153 93518443 93532126 93566349 93602359
93734739 93805455 93913156 93989177 94055876
94139093 94174818 94352763 94427607 94476792
94525106 94570209 94644070 94798496 94838450
94902486 95022390 95253269 95281233 95343308
95359985 95413184 95517916 95561305 95617161
95837321 95881447 95961066 96231930 96422417
96596793 96714539 96770412 96907116 97275742
97377966 97505039 97527213 97562243 97622540
97653230 97688832 97732990 97767852 97798458
97881814 97897693 97958114 97978718 98073246
98100740 98150463 98202219 98232338 98272452
98290049 98307949 98343332 98375982 98446129
98477638 98492145 98527584 98551790 98618287
98628748 98667374 98742129 98758728 98798191
98843743 98914734 99006535 99044642 99073804
99206437 99481062 100121076 100176592 100219495
100305118 100334434 100355270 100449226 100478450
100507642 100523641 100563216 100651807 100672924
100687025 100712520 100749065 100855617 100988663
101042030 101081388 101132248 101181279 101216939
101250031 101260682 101275959 101331137 101431650
101520814 101592106 101658035 101697966 102181538
102224707 102233095 102261329 102331579 102347046
102427422 102442321 102454293 102478804 102506414
102537275 102562268 102608934 102628018 102666534
102673681 102692252 102709583 102726911 102735555
102763850 102790274 102814250 102866559 102913389
102965587 102977819 103056908 103167556 103179416
103254618 103281319 103317758 103348319 103366310
103384950 103421110 103515468 103524395 103597032
103605835 103711877 103737512 103791847 103816797
103892464 104234803 104384300 104433936 104465404
104522001 104545850 104567548 104584918 104600490
104705957 104718778 104761776 104825561 104887599
104943863 105003789 105017104 105053053 105131942
105193893 105328725 105368113 105433665 105571762
105654033 105823885 105863104 105883682 105965049
106203763 106214418 106248871 106319538 106367513
106430707 106529504 106695735 106754919 106887898
106936179 106961524 106976805 107006320 107036728
107083228 107159921 107233213 107249814 107277793
107400541 107496988 107574387 107588152 107602572
107956952 108417010 108444627 108531440 108592089
108681492 108704510 108736069 108745516 108772342
108846052 108899767 108949029 109202520 109250648
109362408 109399475 109423254 109516778 109652773
109731240 109817568 109842621 109871481 109907874
109967668 110025479 110164074 110407661 110448113
110718436 110828664 110875167 111113572 111284052
111418598 111506271 111673503 111728965 111789060
111825257 111838020 111868717 111997727 112031567
112066822 112253526 112306784 112321660 112543252
112565645 112631275 112806442 112849579 112862841
113048913 113098248 113145938 113192115 113232928
113253769 113325931 113364495 113427201 113452002
113561417 113622324 113682523 113860087 113895892
113945349 113990548 114025377 114078687 114343844
114522464 114551063 114565653 114598909 114775361
114787500 114821784 114943251 115164326 115322036
115373447 115443666 115461507 115675851 116149978
116717940 116919268 117272715 117445073 117512984
117676558 117745016 117810645 117842457 117978477
118050616 118195930 118235979 118380628 118416975
118438747 118495221 118512023 118544418 118588102
118665410 118704242 118812621 118896333 118963383
119069748 119108981 119183813 119300976 119369810
119394782 119408720 119488766 119640287 119823437
119940554 120018389 120033048 120136831 120156751
120233899 120371493 120512674 120687727 120767720
120897895 120974966 121062603 121182140 121291232
121320749 121339429 121457832 121538478 121679926
121915798 122067484 122223031 122389438 122513569
122637685 122838705 122897299 122937680 122980727
123105048 123230452 123291706 123461550 123514463
123578146 123625068 123743250 123752886 123855721
123942862 123950636 123979327 124066932 124164635
124324816 124377799 124477824 124878787 124945053
124949494 124963290 125017965 125048530 125105490
125132790 125178725 125279356 125458233 125468686
125487910 125545584 125588626 125622344 125654353
125674359 125689483 125773909 125817098 125843943
125944058 125971788 126120910 126195927 126267762
126274882 126302015 126402731 126511173 126523129
126556343 126597090 126678721 126721336 126734962
126829106 126888635 126945285 126979327 127018001
127050393 127083182 127095502 127107716 127148379
127189677 127219626 127402087 127457237 127508650
127544881 127562388 127585652 127637086 127646857
127704141 127803362 127836385 127844255 127878947
127898253 127906177 127929530 127948379 128169342
128222159 128259497 128273643 128289535 128314898
128352259 128383160 128440716 128480580 128582666
128616117 128647993 128759897 128782165 128831233
128865516 128875748 128918916 128998714 129019047
129038757 129098274 129155400 129212549 129309411
129348347 129386107 129409910 129452641 129751852
129812163 129844921 129924885 129941921 130024306
130222807 130356759 130435049 130632279 130662600
130708967 130790322 130884463 130973365 130999620
131019021 131060137 131069654 131085336 131140425
131194530 131297073 131351487 131360577 131378571
131449290 131525021 131550567 131559800 131603743
131648903 131837527 131957495 131967433 131983511
131987627 132017507 132196216 132269764 132348523
132376077 132408618 132424795 132447404 132451648
132463238 132496346 132536783 132571791 132589342
132678565 132741371 132754083 132776763 132790406
132814164 132840650 132874562 132948079 132999243
133103522 133248696 133316234 133475635 133493629
133515619 133543902 133624026 133656106 133675238
133773456 133892433 133923602 133934567 133972107
134009651 134084988 134105122 134267613 134325354
134373484 134408295 134446615 134523138 134551909
134563956 134583937 134630292 134640243 134700912
134755018 134794146 134894122 134903460 134923122
134941339 134990049 135060711 135146925 135280825
135292219 135356482 135369499 135386907 135405183
135422055 135435423 135455199 135476966 135510191
135570529 135647671 135727695 135891369 135972305
136305279 136327790 136471212 136523154 136577704
136606221 136617451 136660900 136741016 136902470
136933683 136973964 137014650 137071136 137082043
137190382 137197839 137241629 137294913 137333746
137492949 137773837 137787750 137879291 137890195
137919771 137955775 137971642 137983140 138039831
138082271 138106692 138174686 138259690 138354272
138505373 138694379 138765639 138817153 138873772
138904710 138916421 138969741 139005524 139045543
139086879 139120695 139155535 139234006 139349385
139530577 139717757 139931022 140014969 140045213
140055340 140059721 140082594 140122109 140130269
140139047 140182928 140217039 140374474 140525079
140563832 140646788 140676946 140701324 141024025
141039469 141135451 141246171 141250443 141316674
141390283 141415008 141427758 141473320 141588590
141660455 141679473 141753341 141789425 141806942
141855940 141897456 141935902 142011567 142059018
142094422 142109573 142157361 142190060 142361204
142371291 142382235 142677281 142721391 142726761
142752191 142985357 142998844 143047195 143138748
143164898 143316889 143362593 143395863 143499335
143545458 143651250 143744475 143775157 143933879
143984163 144131453 144155465 144187820 144309913
144320051 144406042 144469770 144563931 144592842
144651226 144703912 144788404 144824534 144848319
144868292 144882642 144902751 144913112 144939389
144953201 144989344 145004687 145014288 145105599
145137246 145258554 145280136 145317112 145353475
145399617 145450799 145544969 145559207 145605376
145630085 145666563 145755754 145863218 145867642
145975782 145992141 146101866 146122848 146198678
146282199 146316782 146405455 146432469 146450088
146459077 146962489 147016541 147041127 147082851
147102909 147166405 147266010 147338952 147414899
147435265 147439472 147448883 147470753 147513060
147559196 147606305 147623526 147710410 147724402
147786625 147842725 147865635 147875871 147904861
147940891 147955625 147980603 147995118 148025670
148064787 148086829 148109698 148141758 148183333
148263621 148299358 148308530 148333599 148346583
148385448 148395176 148449475 148461273 148490413
148515968 148530320 148544003 148561932 148585405
148611280 148822949 149176716 149221378 149269165
149295103 149340861 149380947 149553872 149580133
149640296 149675477 149719115 149749883 149795007
149836301 149891776 149955029 149976581 149985145
149995009 150099285 150154586 150184896 150230417
150243402 150289827 150348471 150487370 150571402
150587344 150594948 150813761 150835664 150852686
150894618 150956438 150971706 151021116 151060338
151080244 151101930 151114592 151121250 151130727
151151279 151173137 151197364 151334869 151382747
151393557 151415287 151426474 151461206 151491882
151502862 151540562 151563575 151614248 151621935
151638216 151650449 151772045 151812563 151901557
151922051 151933038 151985327 152034812 152196980
152238523 152275301 152282040 152302944 152340454
152357525 152406872 152461915 152596401 152604362
152616668 152652809 152667527 152672259 152688363
152733775 152778985 152811432 152836928 152842741
152862548 152873933 152934860 152941587 152957516
152985625 153006239 153031410 153054840 153073095
153079969 153153233 153166007 153186778 153218016
153261368 153285678 153310195 153327280 153369400
153387286 153405954 153418148 153445470 153487313
153520244
