6.42833e-09 3.38634e-09 3.035947e-10 8.555185e-09 4.982268e-09
5.936958e-09 3.109201e-08 1.091224e-08 1.9267e-09 1.478823e-08
9.288219e-09 9.78643e-09 7.293291e-11 7.062646e-12 1.422163e-08
5.273078e-09 1.004522e-09 2.382149e-08 6.789812e-09 1.387354e-09
3.720234e-11 3.181199e-09 6.05537e-10 3.789277e-10 7.586793e-14
1.338716e-08 2.739287e-09 5.549492e-09 1.091389e-09 3.674993e-09
8.491615e-09 4.62554e-09 7.950234e-09 1.590474e-08 9.914165e-09
1.188528e-08 9.792489e-09 1.679011e-08 4.158859e-09 1.034741e-08
6.003146e-09 1.258319e-08 6.032842e-08 3.820855e-11 5.629548e-09
3.32969e-08 7.42618e-09 3.651432e-08 3.065038e-09 7.066223e-09
5.956493e-09 2.099133e-09 2.677426e-08 3.223335e-08 9.161512e-09
3.2176e-09 1.156138e-08 7.755465e-09 1.71249e-08 3.435528e-08
1.943373e-08 4.48445e-08 1.594753e-08 1.419444e-08 1.954175e-08
2.348419e-09 1.616881e-09 3.284093e-10 1.486163e-09 3.7467e-09
1.429291e-09 6.298587e-10 1.582972e-10 1.772927e-08 2.015243e-08
2.049706e-08 2.911547e-13 3.671616e-08 1.716643e-08 4.377934e-08
7.221457e-08 6.762033e-09 3.885117e-09 2.732287e-08 7.593309e-09
4.431304e-09 5.938114e-09 1.136481e-08 1.282467e-07 1.004356e-08
7.691914e-10 7.662327e-09 8.185333e-10 9.836775e-10 8.383069e-08
1.356647e-07 2.591415e-08 5.647479e-08 1.10167e-07 8.341841e-09
1.642791e-08 4.133835e-08 4.356768e-10 4.879923e-08 3.718571e-08
2.6867e-09 9.858314e-08 2.073529e-10 2.334283e-11 3.841564e-08
9.380328e-08 4.523195e-09 3.618219e-08 1.631116e-08 1.112804e-08
9.544308e-09 2.067923e-08 3.723914e-08 4.543911e-08 2.867942e-09
2.501146e-08 3.761742e-08 3.144203e-08 1.121204e-07 6.123857e-09
6.621701e-09 4.033571e-09 2.468748e-08 7.61434e-10 1.177609e-08
1.009224e-08 6.484467e-10 9.109252e-09 2.0111e-08 2.331702e-08
4.126427e-09 2.788878e-09 1.207539e-07 2.245067e-11 4.071072e-08
7.781932e-08 9.285388e-08 3.430512e-09 2.316723e-08 2.994712e-08
1.281908e-11 2.062366e-13 1.143875e-10 1.260679e-08 1.001397e-08
8.453801e-08 1.429862e-08 1.46092e-12 3.391753e-08 7.985496e-09
6.978515e-10 6.600512e-09 1.804596e-09 2.95829e-08 8.493599e-12
4.767948e-10 2.11442e-08 6.614002e-09 2.829284e-09 9.15882e-10
1.466679e-09 3.557521e-09 1.155464e-10 3.077437e-09 1.173102e-08
2.096791e-09 5.263801e-09 3.424097e-09 7.845968e-10 6.881139e-11
3.116321e-08 1.31995e-08 8.537086e-09 2.191818e-10 3.37391e-09
5.723403e-08 3.790031e-09 1.448484e-07 3.882229e-11 4.107426e-09
1.501587e-07 4.008844e-09 5.555686e-09 1.338325e-08 6.842345e-08
2.30867e-08 4.979724e-08 7.601138e-08 2.080539e-11 1.728691e-09
5.166205e-08 2.485641e-09 7.890498e-09 3.585006e-09 2.41018e-09
1.511428e-08 1.962317e-09 1.527778e-09 8.938213e-09 6.493759e-09
1.885082e-09 3.033169e-09 1.273266e-09 4.770923e-10 8.476023e-11
1.154489e-09 3.058266e-10 5.158677e-09 2.284278e-10 2.009659e-08
6.175752e-08 5.753552e-09 5.763338e-08 2.176897e-11 2.897954e-10
3.66097e-09 4.18305e-13 1.343547e-09 2.778282e-09 7.237628e-09
1.435222e-08 2.246577e-09 1.722622e-09 2.111885e-11 1.14383e-08
2.141701e-08 1.053963e-12 2.019296e-08 2.207613e-09 2.310008e-09
8.003952e-09 2.141747e-08 5.310064e-09 7.90801e-09 9.338489e-08
9.779024e-10 1.973626e-08 3.468599e-10 6.025459e-08 5.22331e-09
6.932324e-11 1.354685e-07 7.069544e-09 4.124426e-08 2.99429e-08
9.944661e-09 4.598337e-08 3.351346e-09 3.505382e-09 3.124224e-08
2.220488e-08 5.773356e-08 3.778265e-08 7.0579e-08 2.853939e-09
9.002535e-08 6.814309e-08 2.951826e-13 1.1679e-08 2.26123e-08
2.954973e-08 3.50948e-09 7.020828e-09 8.27684e-10 1.915842e-08
2.481933e-09 1.806408e-09 3.04315e-08 3.540758e-11 8.356472e-08
3.256156e-08 1.242665e-08 5.451149e-09 1.404261e-08 1.612686e-11
1.586286e-08 6.864649e-09 9.316741e-09 1.897941e-08 9.842404e-09
1.563754e-08 3.355686e-08 1.802213e-08 1.125124e-08 1.551442e-08
2.377568e-08 1.661367e-09 9.820752e-09 2.841858e-09 1.229723e-08
2.016717e-08 8.848083e-09 7.84268e-09 2.005613e-09 1.017962e-09
6.19484e-09 6.035434e-09 2.361486e-10 7.035515e-08 5.954488e-08
2.613502e-08 1.442302e-08 1.370792e-08 2.007655e-08 8.927641e-09
6.196999e-12 8.396813e-08 2.13106e-12 2.180095e-10 1.395685e-08
9.178978e-09 1.248938e-12 8.379288e-11 1.934841e-10 1.914895e-08
3.001796e-08 5.893099e-12 1.935683e-11 2.089959e-08 1.800564e-08
8.950821e-09 1.799244e-09 8.666655e-09 6.454291e-10 1.484605e-13
1.023663e-08 1.461485e-09 5.010271e-13 1.125207e-08 7.79967e-10
2.769046e-09 6.849759e-09 1.350497e-10 5.59996e-09 1.239865e-10
3.767735e-09 5.697992e-09 9.209811e-10 5.208692e-09 7.041049e-10
8.231092e-09 9.939225e-09 1.270393e-10 2.882755e-08 1.11549e-07
2.047077e-08 6.901028e-08 3.016663e-08 1.440462e-08 3.389201e-09
3.603084e-13 3.958816e-10 1.020115e-09 1.783541e-08 1.60585e-09
7.172e-10 5.816208e-08 1.835854e-09 1.087441e-08 1.657568e-12
2.059321e-09 2.194919e-09 3.209134e-08 4.95264e-09 5.895473e-09
2.078279e-07 2.915077e-08 1.682426e-08 8.30582e-13 2.717495e-08
2.666968e-09 6.395813e-08 1.765819e-08 1.031455e-07 3.760276e-08
4.659198e-10 2.560679e-09 5.784623e-09 9.502091e-09 1.245127e-07
3.201639e-13 8.463384e-09 1.137855e-10 2.959959e-08 3.00105e-12
3.577622e-09 9.835762e-10 4.460342e-09 1.419232e-09 1.570062e-08
3.644432e-10 4.100735e-10 5.903578e-09 6.918302e-09 2.510794e-08
1.33117e-08 6.491351e-10 3.669451e-09 3.734427e-08 1.952207e-08
8.932406e-09 3.146258e-09 1.007839e-08 1.860533e-08 1.350781e-08
7.050663e-09 2.017508e-09 8.773444e-09 1.495227e-08 6.317045e-09
4.453026e-09 1.352912e-08 3.013198e-09 5.766377e-10 2.430811e-08
1.804895e-08 2.892578e-08 3.120001e-08 1.934921e-07 5.436465e-09
2.820978e-08 1.062418e-08 1.895918e-07 2.738614e-07 1.490644e-07
1.396888e-08 5.886558e-09 6.482187e-09 1.283422e-11 2.583979e-11
3.023331e-08 8.594835e-09 1.353202e-08 3.080053e-09 3.068764e-09
5.140241e-09 8.318415e-09 3.014845e-09 1.550868e-13 1.181877e-08
5.191825e-10 7.797221e-08 4.158436e-13 2.555486e-11 2.836422e-10
7.238074e-11 2.169523e-09 8.4605e-10 1.09462e-10 3.699358e-11
5.227733e-13 5.135827e-09 1.040543e-08 3.997438e-08 5.955534e-10
8.278697e-09 3.335322e-09 3.454216e-09 1.876223e-08 2.932843e-08
1.111202e-08 2.370654e-08 1.733643e-08 9.605079e-09 1.514735e-08
8.825104e-09 2.763834e-09 3.401562e-10 5.170646e-10 1.998467e-08
6.966724e-09 2.864016e-12 6.466479e-08 8.645965e-09 2.044647e-08
2.422526e-09 1.633779e-08 3.452922e-08 6.296689e-10 1.357173e-07
3.542002e-10 4.264117e-11 2.148004e-08 3.271055e-09 3.605998e-08
2.170202e-08 4.267789e-10 6.849932e-09 2.007867e-08 1.164824e-08
5.531686e-09 6.574893e-08 5.779677e-09 9.837152e-09 9.731499e-11
3.083864e-09 4.095428e-09 5.766127e-08 5.530182e-10 1.42696e-08
3.857173e-09 1.075304e-08 1.083557e-09 1.081108e-08 9.55164e-09
6.515392e-10 5.408234e-09 2.949255e-09 5.731168e-08 1.168507e-08
9.050724e-09 9.782954e-09 1.592603e-08 2.312986e-08 1.633107e-09
1.75822e-08 3.036085e-09 2.094381e-09 2.289922e-09 2.41799e-11
1.331056e-08 4.196919e-08 1.314844e-08 3.435777e-08 1.953583e-09
3.397312e-08 4.426855e-09 8.892818e-09 3.987839e-08 1.000983e-08
1.05587e-07 3.360801e-09 3.08495e-09 1.287458e-09 1.840242e-10
8.562102e-12 1.021349e-08 1.084998e-08 6.016008e-09 4.176506e-09
5.187985e-10 1.024758e-09 3.618565e-08 1.190826e-08 2.482185e-08
7.443276e-09 1.368953e-09 5.456055e-09 1.668044e-08 6.940657e-12
1.703635e-08 1.33977e-08 2.065578e-08 2.901968e-08 2.727946e-08
3.171161e-09 2.906887e-08 9.620743e-09 3.505629e-08 7.978001e-08
5.414771e-13 8.857698e-08 4.090006e-09 8.911967e-10 6.372678e-10
2.259757e-08 3.966523e-13 1.116921e-08 2.167731e-08 5.92314e-11
1.745401e-08 6.743966e-09 4.545615e-10 9.815425e-08 2.431734e-08
4.681344e-08 1.154772e-08 2.212078e-08 1.003482e-08 8.107437e-09
5.480624e-09 3.773688e-08 2.27142e-10 7.824656e-09 8.734315e-08
2.164736e-12 1.505113e-10 7.935484e-10 1.193492e-07 8.934813e-09
9.401841e-09 8.331569e-10 5.024996e-09 3.059571e-08 6.154982e-10
5.710845e-09 1.419432e-09 2.802957e-08 1.068144e-08 1.97212e-10
6.658232e-09 1.727122e-10 7.431243e-09 1.117165e-08 1.016591e-07
4.271022e-13 2.718475e-08 1.062799e-07 1.871125e-08 9.23563e-11
4.484634e-08 6.311745e-09 1.262461e-09 1.274038e-08 1.627732e-08
1.694211e-08 2.25206e-09 5.25705e-09 1.367787e-08 2.528526e-09
4.253901e-08 6.469569e-09 4.790429e-09 1.249695e-08 5.057766e-09
6.137217e-09 1.44646e-09 7.691285e-09 1.242545e-12 9.985382e-09
1.877326e-07 5.179056e-09 1.393538e-08 3.406752e-09 1.956271e-08
4.954869e-10 1.884946e-08 3.834831e-09 3.423044e-11 2.821526e-09
1.22491e-08 8.324447e-08 3.272463e-10 4.940671e-09 1.266182e-09
1.731483e-08 5.330508e-08 3.857678e-09 3.516445e-09 5.716095e-10
5.535857e-10 2.870577e-09 2.430619e-09 1.320408e-08 1.344517e-09
1.582624e-11 1.531734e-09 1.108973e-07 3.924187e-09 5.688378e-09
8.615397e-09 1.124774e-09 9.598464e-11 7.614809e-09 8.064233e-09
1.311177e-08 3.046796e-09 4.024116e-08 3.878431e-09 4.409777e-08
2.705197e-08 4.106139e-09 4.845352e-12 7.455261e-08 4.708126e-08
5.534052e-09 1.51298e-08 4.545339e-09 3.478177e-09 1.94096e-08
2.020506e-11 1.239189e-08 4.106566e-09 4.151017e-09 8.108051e-09
8.439661e-09 2.232345e-10 4.543018e-09 3.245205e-08 1.062076e-08
1.164077e-09 4.004526e-08 1.27784e-08 1.778397e-08 1.306817e-08
6.317707e-09 7.563672e-09 7.360281e-09 9.520737e-12 4.566718e-09
1.25907e-08 4.19386e-08 6.69918e-09 1.066847e-07 1.297343e-08
1.060511e-09 2.608911e-08 7.495067e-08 4.366572e-09 1.084055e-12
7.245811e-09 1.339898e-08 3.398904e-08 2.998418e-09 6.272185e-09
3.705351e-09 1.085055e-07 2.130615e-08 1.434495e-08 1.651015e-11
2.760144e-12 1.475331e-10 4.70855e-09 4.040452e-08 1.916083e-08
3.324229e-08 1.739477e-08 2.512594e-09 6.675364e-08 2.671142e-10
9.650776e-10 1.051454e-09 4.453252e-08 8.51372e-08 5.968214e-09
3.150579e-11 5.817913e-09 1.269956e-11 6.344817e-08 6.553719e-09
1.150391e-09 6.004492e-09 1.454567e-07 1.923136e-08 7.493207e-10
7.897654e-08 1.361902e-08 7.122833e-09 1.093398e-12 1.013981e-08
3.462532e-09 1.186709e-09 5.446525e-10 8.304242e-09 3.648087e-09
4.770765e-13 4.716148e-10 2.663758e-08 1.100661e-08 1.908197e-09
1.855615e-08 2.094421e-09 7.178258e-09 1.89096e-08 4.003521e-09
1.095804e-09 5.503121e-10 9.986085e-09 2.206015e-08 9.075776e-09
9.003571e-11 1.077586e-08 5.173321e-09 1.715712e-09 1.126806e-08
5.053765e-09 7.364243e-09 1.910038e-09 8.840194e-09 8.17259e-09
6.535361e-09 3.143113e-09 2.307563e-09 6.449991e-09 6.166607e-11
1.65731e-10 1.12567e-09 1.928596e-09 3.670666e-10 2.871031e-09
8.521186e-10 1.910621e-13 3.686448e-09 1.983943e-09 9.31726e-09
5.883836e-12 1.680784e-09 4.200716e-09 1.989621e-08 7.386982e-09
1.827274e-09 7.742963e-08 7.662068e-08 7.906991e-08 5.828313e-10
2.178004e-08 1.685535e-13 3.322658e-08 1.121619e-09 4.769177e-08
1.724515e-08 4.904365e-12 6.239945e-10 2.321498e-09 1.88907e-08
8.017216e-12 1.077475e-09 4.272375e-09 2.290255e-08 6.91145e-08
1.794756e-08 8.358431e-09 1.08757e-08 9.274957e-09 3.885076e-09
1.549008e-08 2.415955e-08 7.688584e-09 8.030804e-08 6.128602e-08
1.429872e-08 5.76395e-09 2.141975e-12 2.201134e-09 3.177826e-08
2.502662e-09 2.616408e-08 4.97351e-09 1.46687e-11 7.0023e-09
4.264485e-09 2.022827e-10 9.614593e-09 5.66714e-09 7.055101e-09
2.074509e-10 3.515431e-08 2.902673e-13 3.003623e-08 1.546673e-09
1.076608e-07 4.035111e-09 3.745895e-08 3.395941e-09 7.729715e-09
6.56209e-09 3.177316e-09 2.927486e-13 1.064535e-08 1.370181e-08
3.01825e-08 1.404174e-08 7.358907e-12 6.514706e-09 3.120928e-08
2.154438e-08 7.034984e-09 5.76461e-09 2.726209e-10 1.807487e-09
3.734176e-09 8.674581e-10 1.809593e-08 1.366819e-08 1.195756e-08
8.386786e-09 4.374099e-09 5.16888e-09 6.906059e-09 2.55562e-09
1.437542e-08 1.976115e-09 8.540818e-09 5.301358e-09 4.888166e-11
5.598581e-09 6.488998e-08 3.166039e-09 2.074695e-08 4.006196e-12
7.345714e-09 1.135553e-12 7.342854e-08 8.049371e-08 4.204569e-09
1.857267e-08 6.297327e-10 2.549002e-09 1.630508e-08 2.210286e-09
1.798843e-09 1.718378e-08 1.230397e-10 2.038154e-08 1.597589e-08
1.554861e-08 2.569322e-08 1.642747e-08 1.764258e-08 1.875842e-08
5.638134e-12 1.418558e-11 4.63339e-08 1.432687e-08 4.998407e-08
6.479198e-08 1.053504e-08 7.149229e-09 7.723489e-09 3.084305e-08
7.602778e-09 2.062654e-08 2.904905e-07 2.115459e-08 2.929936e-08
6.424063e-09 9.341424e-09 4.966346e-08 7.851104e-09 9.447166e-12
2.063602e-08 2.744595e-08 2.466931e-09 1.893581e-12 4.148271e-09
1.487839e-07 3.623809e-09 3.141581e-08 8.264713e-09 1.459866e-08
1.449724e-09 1.699906e-08 3.440455e-08 8.451329e-09 1.773377e-08
3.225289e-09 1.225582e-07 9.365863e-12 1.677223e-09 1.0067e-09
1.800299e-09 1.012946e-10 1.002275e-09 1.868244e-11 3.534259e-09
4.184571e-08 1.125324e-09 1.499858e-08 3.389518e-09 7.104634e-09
1.344918e-09 4.164824e-09 3.556461e-09 4.331264e-08 3.215675e-09
1.463762e-07 1.425564e-08 2.564154e-08 7.600199e-10 4.410586e-09
4.092725e-08 1.835995e-08 2.983817e-09 7.949906e-09 2.038989e-07
3.424385e-09 1.860338e-09 1.187691e-09 3.165104e-09 7.789427e-09
9.036685e-10 1.22857e-08 4.378486e-09 2.115633e-09 6.914244e-09
1.81048e-09 8.894782e-10 2.109341e-08 1.735481e-09 1.03547e-08
8.097064e-09 1.301792e-08 1.253447e-09 5.966851e-10 4.804782e-09
3.197766e-11 1.145725e-13 1.718038e-08 1.414817e-10 2.890332e-08
1.961141e-09 1.616999e-08 1.962428e-08 4.96189e-09 4.35697e-10
9.792947e-09 1.004131e-09 6.75111e-09 1.69076e-12 1.171307e-08
3.113196e-08 8.518862e-09 1.045332e-08 7.734679e-09 1.226991e-09
7.294319e-09 8.912392e-09 2.618961e-09 5.967006e-09 1.937545e-08
3.899874e-08 1.59531e-08 8.749605e-10 1.850066e-09 5.400223e-08
1.88779e-08 3.931147e-09 6.03747e-09 1.334703e-08 2.071403e-07
4.468257e-09 1.768587e-09 3.194984e-09 7.710322e-09 5.608708e-09
1.266112e-09 6.143091e-10 3.086579e-11 1.713451e-09 1.516779e-09
6.547159e-10 5.866994e-09 2.113725e-09 1.531135e-09 3.151021e-08
3.662757e-09 2.827936e-10 5.934559e-09 1.351479e-09 3.579667e-09
1.096493e-08 1.150595e-08 1.23264e-08 6.675764e-09 6.870899e-09
1.617252e-08 1.771678e-09 2.836248e-08 1.497756e-09 1.420697e-07
1.056989e-07 4.891156e-08 1.235099e-10 1.239427e-08 1.096608e-07
6.194026e-09 5.222707e-09 3.017237e-08 5.047969e-09 3.499147e-10
1.051873e-08 7.549867e-09 4.780233e-10 1.807057e-09 7.293041e-10
3.628974e-13 4.773794e-09 2.530316e-09 2.46276e-09 7.158385e-09
4.421695e-09 3.546223e-11 6.893883e-09 1.060788e-08 5.302313e-10
3.972454e-09 1.199187e-11 1.41832e-09 1.457039e-09 4.599118e-14
1.465555e-09 3.970912e-09 1.187318e-09 1.53045e-09 1.078616e-08
1.164404e-09 1.373862e-08 1.644087e-09 2.213573e-11 3.793963e-14
2.494618e-09 4.118041e-09 1.060864e-08 1.547568e-11 9.323909e-09
1.402614e-08 8.834015e-09 8.421252e-09 7.351803e-12 1.350401e-08
1.114808e-08 2.164924e-13 1.528748e-13 4.802265e-08 1.782894e-08
4.498665e-08 7.218687e-08 3.201451e-08 1.056757e-09 7.008045e-09
4.154989e-10 6.779874e-09 7.381767e-11 5.258329e-09 1.323277e-08
4.432356e-08 8.147891e-09 4.434322e-12 3.490889e-09 1.162068e-08
1.857187e-08 7.069402e-09 3.033945e-09 8.179156e-10 7.24255e-09
9.133764e-08 2.805311e-09 3.000537e-08 1.490275e-07 2.466869e-08
3.157127e-09 2.54998e-13 1.301067e-09 5.100853e-10 2.073456e-12
1.484352e-11 6.277318e-11 3.911643e-10 1.061459e-09 7.148664e-09
1.285345e-09 3.306407e-09 4.91855e-09 4.581525e-08 8.392083e-09
5.17595e-08 4.513006e-08 4.51813e-09 7.909434e-09 9.864333e-09
2.16263e-12 1.073188e-08 1.545777e-09 1.905427e-08 2.702097e-09
1.020623e-08 2.176203e-08 1.495066e-08 6.372948e-09 7.92607e-08
8.802518e-09 4.116793e-09 1.118282e-08 5.511192e-09 5.549627e-08
2.480635e-09 1.189307e-09 1.383555e-08 5.392386e-13 7.41604e-09
3.875147e-08 8.389637e-09 4.703423e-12 4.195007e-08 4.872978e-13
1.368625e-08 7.282219e-09 1.077723e-09 1.128202e-09 1.338295e-08
1.216425e-08 4.393553e-09 7.512611e-10 1.221687e-08 5.776908e-09
3.819793e-08 2.480099e-08 4.309034e-09 9.82521e-09 1.098706e-08
3.963621e-08 1.448476e-08 7.146069e-09 1.009184e-12 6.089634e-09
2.195053e-08 1.734961e-09 1.106434e-08 1.293377e-08 9.109897e-08
5.20786e-09 2.756849e-09 6.602032e-08 5.601746e-08 4.844747e-09
3.279051e-10 1.926142e-08 2.328482e-08 1.325905e-10 4.766714e-09
2.877407e-09 7.92483e-10 2.903764e-09 3.280984e-09 1.954504e-08
1.016025e-08 3.364626e-09 1.634957e-08 4.676271e-08 4.670409e-08
3.073613e-10 3.233767e-09 4.796136e-10 1.561667e-07 1.082536e-07
4.479573e-08 9.991722e-08 2.297501e-08 1.264266e-10 1.329211e-08
1.670463e-11 1.523175e-08 4.807018e-12 2.02502e-08 1.130514e-08
3.082263e-08 3.425544e-09 1.963953e-08 1.764764e-08 2.524916e-07
4.6631e-08 4.330075e-12 3.544377e-09 1.040327e-08 1.982932e-11
1.30302e-08 4.924936e-07 3.808482e-09 1.027156e-08 9.482584e-09
5.261978e-09 3.416778e-08 3.4491e-10 1.607725e-07 5.513826e-09
1.548623e-13 6.131229e-09 1.491347e-10 4.451692e-09 1.475158e-08
3.113723e-09 6.402306e-10 6.037779e-10 3.932363e-10 1.121125e-09
2.913441e-09 2.045616e-08 1.09661e-09 1.884142e-09 1.399851e-09
4.476775e-09 1.050237e-08 4.957578e-09 2.488466e-08 2.339948e-13
7.847333e-09 1.04719e-09 9.742388e-09 1.359045e-09 1.6146e-08
2.739874e-09 4.238139e-09 8.18436e-08 6.211353e-08 2.430373e-09
2.16284e-13 1.062312e-07 1.251601e-08 1.805042e-09 3.32666e-08
1.717789e-08 6.703765e-09 2.304034e-12 3.239161e-08 3.781083e-08
6.742925e-09 2.327007e-09 9.703968e-09 1.374377e-08 1.117595e-12
8.519212e-08 4.518727e-08 1.201562e-11 6.269933e-09 6.564129e-09
4.280235e-09 2.422024e-09 1.227506e-07 3.088521e-10 3.167379e-10
6.153114e-09 3.843607e-08 1.923042e-11 8.641142e-09 4.536031e-08
2.687811e-13 1.272241e-09 4.953171e-10 5.570513e-10 1.021841e-08
3.110228e-09 4.861682e-09 2.814024e-09 5.34696e-11 1.242768e-09
2.214646e-09 1.355382e-08 1.675238e-10 8.323484e-09 5.194012e-10
5.110258e-08 6.847426e-09 5.044466e-11 9.493626e-08 4.954499e-09
1.976828e-08 9.844478e-08 3.72495e-13 8.333617e-11 1.140641e-12
1.736158e-09 7.793905e-10 4.011712e-10 1.538435e-10 2.878599e-08
4.037037e-09 4.988686e-09 4.702059e-09 1.989021e-13 4.968176e-09
4.184175e-10 1.140498e-08 6.082359e-09 2.330787e-10 1.101423e-09
7.850279e-14 2.830845e-09 4.104904e-09 1.942236e-09 2.176213e-09
3.944314e-09 4.543231e-10 1.317978e-09 3.373542e-12 8.141334e-13
4.114939e-09 2.334709e-09 8.22625e-12 2.373365e-08 2.878781e-09
5.844906e-09 4.511777e-08 8.061514e-09 5.563158e-10 7.529276e-09
1.065439e-12 1.865001e-12 1.535869e-08 6.236941e-10 2.446643e-09
1.916394e-08 6.064567e-10 2.09213e-09 3.918572e-13 6.593863e-09
3.923358e-11 6.84142e-09 1.064533e-11 2.671283e-09 7.212842e-10
3.120362e-10 5.089e-11 2.829391e-08 1.032461e-08 7.600819e-09
4.436204e-09 2.563326e-08 9.301747e-10 1.267106e-09 7.256384e-09
1.304505e-09 1.013722e-10 1.051599e-08 2.468557e-13 2.218207e-09
1.834657e-10 3.64803e-09 7.786966e-09 1.80872e-09 2.21257e-10
4.793954e-10 1.630225e-10 5.529676e-10 1.927346e-09 8.195749e-09
8.474706e-09 9.574286e-12 3.453563e-08 6.114129e-09 6.924411e-09
3.14249e-09 4.593573e-09 3.51096e-08 2.946841e-09 1.799855e-08
4.508044e-08 2.614563e-10 7.958378e-09 2.281504e-09 1.039048e-09
1.876023e-09 8.184218e-11 6.947524e-09 3.266778e-11 6.303948e-10
1.418371e-08 1.85065e-09 1.005629e-08 1.638921e-07 4.492664e-08
1.11832e-08 4.441373e-09 1.218965e-10 1.709667e-08 1.297169e-07
6.599947e-09 4.682943e-09 1.551313e-08 1.529135e-09 6.842597e-08
1.811979e-08 1.096469e-08 3.360319e-08 1.484155e-11 7.824237e-08
1.16492e-07 4.850601e-12 1.252578e-10 1.303677e-08 5.516247e-09
1.138369e-08 1.351697e-08 7.771978e-08 1.622521e-09 1.756929e-13
9.47454e-09 9.561143e-11 1.26971e-10 1.118682e-08 7.000966e-10
1.10139e-08 4.078303e-12 3.32169e-09 1.295231e-08 1.919536e-09
2.765444e-08 3.462937e-09 3.654377e-09 1.288549e-12 3.119832e-08
7.356309e-09 1.817434e-11 1.829598e-09 1.765065e-09 9.957534e-09
9.069914e-09 4.12771e-09 4.613437e-08 2.125047e-09 1.276726e-08
1.692843e-08 4.842132e-10 1.736002e-09 5.793357e-08 5.853663e-09
5.682847e-09 5.942067e-10 3.172769e-08 5.230693e-09 3.369897e-09
3.824399e-08 9.304825e-11 3.119748e-11 5.174097e-09 1.668076e-08
6.49723e-09 1.632862e-08 1.166063e-08 3.143205e-09 8.434889e-09
1.800472e-08 2.216926e-09 3.572521e-09 1.259807e-08 5.336887e-09
1.336717e-08 8.307313e-09 1.732509e-13 6.526892e-08 2.187193e-09
1.181687e-08 4.888814e-09 2.017053e-09 2.304732e-13 3.009721e-08
9.029797e-10 4.13364e-08 1.411372e-08 9.156256e-10 5.785172e-11
1.605726e-12 1.756323e-09 2.276413e-09 4.485604e-10 1.379176e-10
3.815151e-12 1.28194e-10 3.111302e-09 3.703112e-09 3.674146e-09
9.521017e-09 5.840402e-09 3.581412e-08 5.442029e-09 5.090178e-09
6.859134e-09 4.047547e-08 2.425647e-09 7.737818e-09 3.067874e-12
1.270968e-08 1.274581e-08 3.295772e-08 1.19081e-08 4.053448e-09
1.552992e-08 1.134654e-07 2.130684e-09 5.399694e-10 3.745991e-09
3.895712e-09 3.065417e-08 8.624115e-09 8.716847e-11 1.038799e-08
2.420036e-08 1.011987e-08 1.1531e-10 1.329899e-08 1.118237e-08
1.430782e-08 9.325126e-11 1.114345e-08 9.781405e-09 4.066216e-08
1.276711e-08 9.691215e-09 6.647511e-10 1.441026e-12 5.281682e-09
2.907583e-08 7.732637e-09 2.012382e-08 1.840755e-09 5.981385e-09
3.425596e-13 9.016189e-09 3.765003e-11 7.859715e-10 1.443482e-08
4.047798e-08 5.110414e-09 9.763032e-09 1.877018e-13 6.560814e-09
1.214234e-09 1.355201e-08 6.089855e-09 3.497379e-09 2.689063e-08
1.271455e-08 1.585109e-08 9.169798e-08 1.301714e-08 7.895496e-10
4.467722e-09 8.023481e-09 7.932776e-11 9.69848e-09 2.067944e-14
7.899187e-11 3.837506e-08 6.486151e-09 4.311317e-09 3.310338e-08
3.732457e-13 2.458554e-08 8.352823e-13 3.957407e-11 1.224085e-08
6.374842e-08 4.161165e-11 8.9757e-09 1.049413e-08 6.240783e-09
7.24136e-08 5.38474e-13 3.127921e-08 3.726454e-08 2.840074e-07
5.147835e-08 3.101839e-08 3.629004e-08 7.543061e-09 8.509716e-09
5.145408e-09 3.983731e-08 1.841533e-08 1.827073e-08 6.437605e-09
3.449775e-09 2.947717e-08 1.695436e-08 1.045581e-08 1.055361e-08
2.72103e-09 1.515653e-08 1.273872e-10 3.96505e-08 2.818949e-08
1.001704e-08 1.934517e-09 2.685703e-08 6.685562e-09 9.769138e-09
2.286994e-09 7.895682e-11 4.812806e-10 2.985938e-09 1.620694e-11
2.889977e-08 7.00239e-09 7.155222e-08 5.340012e-08 3.717827e-08
2.593892e-09 8.267686e-11 5.441183e-09 1.724543e-11 1.925578e-08
7.086592e-09 2.369589e-11 1.091701e-08 7.393808e-10 3.316685e-09
1.135091e-09 1.386911e-11 3.83137e-09 4.80382e-09 1.448257e-13
3.075203e-11 4.469008e-09 9.764145e-09 1.998688e-08 1.085084e-09
4.425631e-09 3.656312e-08 3.006995e-10 7.216947e-12 4.515894e-09
5.65655e-09 9.716894e-12 2.989755e-09 4.83357e-09 5.166605e-09
4.285537e-08 3.918603e-08 2.005497e-08 3.582111e-08 4.436004e-09
1.010753e-11 1.13674e-09 3.144409e-09 7.671827e-09 1.820866e-08
5.050999e-12 1.958381e-09 9.750772e-10 2.782056e-08 1.028502e-07
1.15695e-12 7.737285e-10 7.241916e-13 3.175676e-09 4.517799e-11
2.237061e-13 4.524589e-08 1.096217e-07 3.532656e-08 2.861217e-08
1.137715e-08 5.310379e-08 5.234258e-09 1.298784e-09 2.80903e-08
1.168576e-10 5.17981e-11 6.995668e-09 2.988538e-09 2.42656e-12
1.530083e-08 1.58141e-08 1.176466e-08 9.087665e-09 4.245871e-09
1.672409e-13 6.19588e-09 2.431401e-09 4.105309e-14 4.841368e-08
4.326306e-10 1.011177e-09 5.113649e-10 4.827919e-11 1.677909e-09
1.409629e-09 2.907737e-09 1.101045e-09 2.495222e-09 4.970463e-10
1.605658e-09 3.192823e-09 1.134411e-08 2.195024e-09 1.172134e-08
7.442916e-10 3.432171e-10 5.843441e-09 1.524402e-08 4.180837e-09
1.339704e-12 3.194058e-08 5.468496e-10 5.285486e-11 2.052255e-08
2.33673e-10 8.385325e-09 7.368002e-09 4.244104e-09 4.403009e-09
8.381076e-09 2.771542e-13 1.288767e-10 9.364495e-09 2.392283e-08
4.312754e-09 1.207907e-09 5.552086e-09 3.299092e-10 1.31261e-08
3.032938e-12 1.947056e-08 1.768756e-08 6.314763e-09 1.726713e-09
2.883216e-11 3.713067e-09 1.676833e-08 4.128278e-09 7.561263e-10
1.153308e-11 6.603664e-09 6.979673e-10 2.478797e-11 5.091624e-10
3.162358e-09 3.154702e-09 2.165069e-08 1.706136e-10 2.224088e-10
3.521362e-14 6.167051e-10 1.290208e-09 5.880203e-10 2.485017e-09
1.61835e-09 3.422244e-09 8.267382e-09 5.343895e-12 8.462726e-10
1.386213e-13 2.070413e-09 3.311219e-08 6.589745e-09 1.225163e-08
1.490033e-08 3.060346e-09 1.713189e-08 8.623553e-09 7.834676e-09
3.482305e-09 2.920272e-10 8.587457e-10 1.681718e-09 2.333035e-09
6.702863e-09 4.078199e-12 2.516303e-09 4.873552e-11 1.401923e-10
4.9111e-09 5.194432e-10 2.911951e-09 1.842187e-09 2.730003e-12
5.204795e-09 6.048307e-09 1.51702e-08 6.536909e-09 9.379016e-09
2.301939e-09 1.160879e-09 2.659281e-09 2.328838e-09 1.331792e-08
2.099328e-09 1.017477e-08 4.694821e-09 7.073124e-10 7.266436e-09
1.597385e-09 1.523555e-09 2.84883e-09 2.126082e-09 5.999378e-10
5.977818e-11 4.658769e-09 2.913717e-09 1.414183e-09 3.222402e-13
1.414322e-09 1.472142e-09 5.012117e-09 1.262153e-08 1.21962e-08
5.238053e-10 4.389812e-10 1.173262e-08 2.408681e-10 4.19481e-09
2.285696e-09 6.090959e-09 5.148838e-10 1.133178e-07 7.328244e-10
2.022125e-09 1.133342e-07 2.34882e-09 4.850865e-09 3.364789e-09
3.133455e-09 4.870241e-09 1.944614e-09 4.491686e-10 2.263604e-12
8.324251e-08 5.588359e-08 5.024691e-08 5.267463e-11 1.121875e-08
6.052234e-08 5.007075e-12 2.730173e-09 5.590434e-14 1.499952e-08
2.702403e-08 6.998127e-09 1.738534e-08 7.599798e-09 1.220625e-08
6.311157e-08 2.845676e-08 9.659347e-10 9.261618e-13 3.285454e-08
1.761344e-08 1.767905e-08 1.459878e-09 2.362798e-09 1.728698e-08
2.659129e-08 5.397339e-08 6.369892e-09 1.408126e-09 1.942874e-08
1.350816e-08 1.472501e-12 9.916576e-10 6.852517e-09 4.168134e-08
4.061969e-09 2.6157e-09 2.331862e-09 1.836907e-08 1.66003e-09
9.529791e-08 4.64363e-09 1.235633e-08 1.637465e-12 2.903868e-09
3.266308e-08 7.231961e-09 6.949101e-09 1.189828e-08 4.551378e-11
6.357539e-09 7.902153e-08 9.171854e-08 2.437979e-08 6.55501e-08
7.356155e-09 2.936173e-09 1.879902e-09 3.642567e-08 1.896749e-08
1.987413e-08 2.02057e-08 8.712371e-09 3.086158e-08 5.895557e-10
1.473181e-08 2.565483e-09 6.873887e-08 1.420715e-08 1.281666e-07
3.298386e-08 3.143555e-08 6.718222e-08 8.317279e-09 1.622162e-09
5.735344e-08 3.197672e-08 1.796361e-09 2.60926e-08 8.277452e-08
3.532363e-10 3.048964e-08 6.949592e-13 9.198226e-10 8.797521e-09
1.480873e-08 1.898617e-10 1.174579e-08 4.620903e-09 1.909624e-09
4.651325e-08 5.417638e-09 1.043944e-08 2.449791e-08 5.073343e-10
3.150337e-12 8.707186e-09 1.032077e-08 2.940831e-10 1.389937e-09
2.166236e-12 4.945055e-10 3.246903e-10 5.881458e-12 1.704099e-09
1.794703e-08 1.738676e-09 6.302461e-09 1.979596e-09 8.537421e-09
5.904799e-08 3.546794e-09 1.532311e-08 2.44803e-08 5.407795e-09
2.631402e-08 9.299903e-09 6.863307e-09 1.671111e-07 4.174169e-09
2.261768e-09 5.839088e-10 8.130431e-10 1.977039e-08 1.215188e-08
3.312888e-09 6.653448e-10 1.419729e-08 4.69672e-08 1.312352e-10
4.26069e-08 2.576874e-08 6.155258e-12 4.921956e-11 8.506964e-11
2.872178e-09 5.195292e-09 2.159671e-08 2.404352e-08 4.399623e-08
2.865746e-08 5.390842e-09 8.24344e-09 6.444298e-08 1.709304e-12
6.466942e-11 1.375665e-10 7.866583e-13 4.096825e-08 1.762002e-08
2.062842e-08 5.416862e-08 1.083422e-08 1.129861e-08 1.862032e-08
7.523279e-09 1.152479e-09 2.330836e-09 1.605071e-09 2.912582e-08
2.383311e-08 4.53145e-08 1.030777e-09 1.171571e-08 3.769862e-08
1.656845e-08 8.404986e-14 3.148962e-08 6.140538e-08 8.236814e-09
1.433065e-08 1.06751e-08 1.043111e-08 1.973715e-08 2.106129e-09
7.254311e-09 1.436328e-10 1.104802e-08 1.638057e-08 1.97991e-08
2.604549e-08 1.957359e-08 4.894855e-08 8.227816e-08 4.403732e-09
4.232063e-09 2.096248e-08 2.045071e-08 4.205397e-08 1.56388e-08
5.869627e-08 2.564155e-10 1.983824e-08 6.318231e-09 1.708603e-08
3.556065e-07 4.576506e-10 2.783591e-07 9.836799e-08 6.798534e-09
7.305595e-09 5.869016e-08 3.638653e-08 1.093628e-08 1.408247e-08
1.65733e-13 3.872599e-09 2.762021e-08 1.229639e-09 5.159138e-09
2.341234e-09 3.628981e-08 6.264032e-10 1.925224e-13 2.781485e-09
7.938423e-09 8.156278e-08 2.752054e-08 1.376155e-08 4.926233e-09
7.967097e-08 3.351456e-11 4.160301e-08 8.008179e-09 9.194096e-08
7.103536e-09 9.431407e-09 9.235214e-09 3.121763e-09 5.362707e-09
1.72547e-10 7.099983e-10 1.558255e-08 5.528124e-09 5.364545e-08
1.646369e-08 1.518026e-08 2.775446e-08 1.629066e-08 6.034468e-09
4.653534e-08 2.83764e-08 8.686061e-09 3.164557e-11 1.504092e-09
7.551241e-11 3.427775e-09 1.853649e-08 4.235353e-09 3.600558e-09
2.733047e-08 2.580224e-08 1.120593e-09 9.178381e-09 1.783653e-09
4.58922e-10 1.458245e-08 9.817164e-09 4.60119e-09 1.248061e-09
2.944832e-09 5.342451e-14 1.073219e-09 1.415774e-09 1.116717e-08
1.902153e-07 8.120749e-08 9.036943e-08 1.107832e-08 1.591176e-08
3.448963e-08 4.411249e-09 7.566474e-09 4.984089e-09 7.036088e-09
3.896473e-11 1.107455e-08 4.530141e-09 4.993026e-09 4.355642e-09
1.289109e-08 9.063053e-09 7.428197e-09 4.213483e-11 1.901225e-09
3.915418e-09 2.623377e-08 1.214902e-08 3.781002e-09 4.521558e-10
1.377527e-08 7.796298e-09 1.72524e-09 8.071999e-09 8.322201e-09
4.31936e-09 1.926968e-12 6.169693e-09 1.964845e-09 3.790436e-09
1.510027e-08 4.023497e-09 1.335691e-09 6.435977e-09 6.374749e-11
4.679984e-08 3.816064e-08 1.508883e-09 6.889594e-10 4.680633e-08
5.529689e-09 1.300361e-09 6.068807e-09 7.093959e-11 1.324806e-09
5.460038e-09 4.428552e-10 1.676987e-08 6.068831e-09 1.185393e-08
2.168116e-13 8.122542e-10 2.864747e-08 1.790301e-09 5.991608e-10
7.097685e-09 9.396429e-11 4.655506e-08 8.206151e-09 4.750477e-12
2.637502e-08 2.124874e-09 5.007218e-10 2.301484e-09 2.183944e-09
4.576082e-09 9.743196e-09 1.656962e-12 1.94625e-08 1.532184e-08
2.233565e-08 7.128293e-08 1.084241e-08 4.030016e-08 5.590821e-09
5.113886e-08 9.478737e-09 1.593495e-08 2.546506e-08 2.146948e-09
9.226783e-11 1.50188e-09 2.821425e-08 1.71174e-07 1.092292e-08
3.351394e-09 2.874057e-09 1.968143e-09 4.103175e-08 1.610366e-08
1.884617e-08 1.242228e-08 4.007355e-09 2.848861e-09 8.525769e-08
1.756982e-12 5.197078e-08 9.501937e-09 1.701125e-08 6.849532e-10
1.523449e-09 2.08721e-08 4.437427e-09 1.579625e-08 1.823463e-07
6.023473e-08 3.317362e-12 1.855991e-09 8.134711e-13 3.33573e-09
8.553196e-08 3.937256e-12 6.243662e-10 4.263662e-10 3.635825e-09
7.109202e-08 4.753981e-12 2.125173e-12 1.565981e-08 2.790318e-08
8.4472e-09 2.173045e-09 2.808432e-08 3.975876e-09 2.138651e-08
1.010945e-08 6.215686e-10 2.375382e-08 2.840758e-08 7.047948e-09
6.583403e-10 9.898398e-08 9.364361e-08 1.728612e-07 1.22843e-08
5.362374e-08 1.62027e-08 1.747344e-08 2.932314e-09 3.576669e-09
2.134815e-09 5.596441e-13 1.853467e-11 1.358251e-09 7.978127e-08
5.240705e-09 4.42023e-11 4.258274e-09 5.933209e-12 1.8558e-08
1.899472e-08 1.960284e-08 6.536944e-08 3.688995e-09 8.264815e-09
1.080928e-08 9.387298e-10 8.530473e-10 4.87439e-10 6.822985e-09
1.542139e-12 6.009441e-09 1.633713e-08 4.651149e-10 1.06622e-11
2.747037e-09 3.004065e-08 3.382144e-09 3.25013e-13 3.969949e-09
8.964741e-09 4.991798e-09 9.759379e-09 4.819506e-09 1.342854e-07
1.889801e-08 2.89405e-09 5.424857e-13 6.363576e-09 2.196788e-13
6.880786e-08 6.385568e-09 9.305129e-09 9.18106e-09 3.375738e-09
6.208757e-09 1.026696e-08 1.241658e-08 1.632425e-08 6.211374e-09
2.174878e-08 3.534778e-09 2.244105e-08 7.01275e-10 1.793891e-09
2.010198e-08 1.507885e-10 2.429237e-08 3.886452e-08 2.628311e-07
7.039218e-09 9.104218e-10 4.887109e-10 1.292317e-09 6.596349e-09
2.12766e-11 2.531063e-10 2.761956e-08 3.900438e-09 4.358456e-09
3.52408e-07 2.505995e-08 6.844827e-09 8.543406e-09 6.640562e-08
6.142129e-13 1.737922e-08 3.441725e-09 1.194926e-08 5.665888e-09
5.485996e-09 2.302721e-10 6.980436e-11 1.860928e-08 1.15791e-08
2.987218e-08 8.991517e-09 3.985903e-08 1.052593e-07 1.601493e-08
1.028821e-08 3.081241e-09 3.250005e-09 1.833648e-09 2.171084e-08
3.394117e-08 1.840541e-08 2.8103e-08 8.544167e-08 1.040574e-07
1.44235e-10 2.111546e-08 7.960674e-09 8.915908e-09 3.178221e-08
1.358005e-08 1.898639e-08 6.30164e-09 2.228928e-08 2.164543e-08
3.18197e-08 1.232075e-08 4.282706e-10 2.120572e-08 4.656259e-10
1.261565e-08 3.400033e-10 5.363238e-09 6.244283e-10 2.846533e-09
5.696623e-09 1.398601e-11 2.818575e-08 1.297044e-09 2.374169e-13
1.581964e-08 7.61517e-09 2.771855e-08 1.563978e-08 1.382549e-09
6.042938e-10
